5700343a-c805-3fa7-add9-b279bffb48dd:
  base:
    world: world
    x: -0.1440511120467163
    y: 69.0
    z: 5.923747436857117
    yaw: 137.4242
    pitch: 18.719772
